534,128,671,285
536,128,674,283
538,132,673,285
543,128,678,284
544,129,679,284
548,128,682,283
549,130,685,286
553,128,687,285
557,132,688,285
560,130,693,284
564,128,696,287
565,131,700,287
569,132,702,287
570,134,703,290
572,131,706,289
574,134,706,288
576,133,706,290
579,133,708,290
579,136,708,293
579,136,708,293
582,136,708,293
582,136,708,293
582,136,708,293
582,136,708,293
583,138,707,292
581,139,707,295
582,141,706,294
580,139,702,294
578,140,697,297
577,136,698,296
573,141,695,299
572,139,691,298
569,138,690,300
568,137,689,299
567,141,685,298
564,137,684,297
562,139,682,300
562,137,681,300
561,136,679,299
561,135,679,299
559,135,677,299
557,134,675,303
557,131,675,300
557,133,675,303
557,131,675,303
559,131,672,306
561,129,674,306
561,129,674,306
561,130,676,309
563,127,678,309
563,127,678,309
565,128,680,312
565,125,680,312
567,125,682,312
567,126,682,315
569,128,683,319
569,128,683,319
569,128,683,319
571,128,683,326
573,128,684,326
573,124,681,327
573,128,681,331
575,128,682,331
575,128,682,331
575,128,684,332
575,128,684,334
577,128,685,334
577,128,686,337
579,128,688,339
579,128,688,341
579,132,688,345
579,132,688,345
581,132,690,347
583,132,690,352
583,132,690,352
584,134,691,353
584,134,693,355
584,134,693,358
584,134,694,363
584,134,697,363
584,134,700,366
584,134,700,369
584,134,700,369
586,134,700,374
588,139,701,376
588,139,701,378
586,139,701,379
586,139,702,384
584,139,702,384
584,139,702,387
584,144,701,392
579,144,698,392
579,149,701,397
579,144,701,398
579,144,701,398
574,148,698,403
571,148,701,403
571,151,701,406
571,151,701,406
567,149,700,409
567,148,703,409
567,148,703,409
566,146,705,412
566,146,705,412
563,146,708,412
566,143,711,412
563,143,714,412
563,143,714,412
563,142,717,412
564,138,720,417
563,136,724,412
562,136,724,412
563,133,727,412
561,133,731,412
561,133,733,412
564,133,736,412
563,124,738,409
561,124,742,409
563,126,747,411
563,127,753,412
563,127,753,412
561,127,759,415
560,125,765,419
560,125,768,425
560,125,773,430
555,127,777,434
555,130,777,440
551,122,784,443
550,125,789,449
550,125,789,449
548,129,792,459
540,128,792,459
540,128,792,459
535,134,795,463
529,137,795,463
529,142,800,467
527,125,796,467
521,125,796,467
521,125,796,467
513,123,794,464
505,123,794,470
502,123,789,470
497,122,788,467
490,124,785,472
485,123,782,470
477,122,777,467
472,123,774,464
466,118,770,464
457,115,766,468
454,112,763,465
451,116,760,463
445,113,757,460
440,113,752,460
437,113,751,458
431,113,746,455
428,111,743,454
427,111,739,454
419,108,737,449
422,107,735,447
423,107,734,445
418,102,730,443
418,102,730,443
421,101,727,439
418,101,727,434
425,98,728,430
428,98,726,430
455,100,727,427
456,95,728,427
459,94,726,427
459,94,726,427
459,94,726,427
457,91,727,430
449,91,729,430
443,91,729,430
443,89,729,430
443,89,730,431
443,89,730,431
443,89,736,434
443,89,736,434
440,86,738,436
443,90,741,435
449,90,744,435
455,90,749,435
456,87,749,434
456,87,754,434
459,84,757,438
468,81,763,432
471,78,763,434
473,78,769,429
473,75,770,425
476,71,773,427
480,69,777,422
484,66,780,419
484,61,777,416
486,57,784,412
487,55,785,408
490,51,788,411
492,46,789,405
492,46,789,403
492,43,789,400
492,43,788,397
493,36,788,396
492,35,787,395
491,35,786,395
488,34,782,394
483,33,777,393
481,29,770,393
481,32,766,387
472,39,760,387
467,39,754,387
464,36,751,389
455,37,745,388
452,40,738,387
448,40,734,387
442,38,729,387
435,42,724,385
435,42,721,388
432,41,718,386
427,43,713,387
427,43,713,387
424,44,711,387
425,45,712,388
425,45,712,388
423,49,706,385
423,49,705,387
423,49,705,387
422,51,702,389
422,51,702,389
422,51,702,389
422,52,702,390
422,56,697,387
422,56,697,387
422,56,697,387
428,56,701,387
428,56,701,387
428,56,701,384
428,56,701,384
433,56,706,384
433,56,706,384
433,56,706,384
437,59,707,379
437,59,707,379
439,59,709,379
439,59,709,379
440,59,703,377
440,59,703,377
443,59,703,371
444,55,700,373
444,55,695,370
442,52,698,367
442,52,693,367
445,49,690,363
443,46,686,363
441,43,686,360
444,43,683,357
442,40,678,351
445,37,677,352
443,34,674,346
446,31,670,343
446,31,670,343
445,29,666,337
445,29,665,337
449,29,662,334
448,23,658,333
450,20,659,328
448,17,661,326
449,15,658,324
448,12,658,319
449,9,655,319
447,7,652,315
446,4,650,312
446,4,650,312
445,3,649,308
447,3,645,309
447,3,645,307
447,3,645,304
447,3,645,304
448,3,643,301
448,3,643,301
445,3,643,298
445,2,636,297
445,2,633,294
444,2,632,294
444,1,632,293
444,1,632,293
442,3,628,290
442,1,625,286
442,1,625,286
442,1,620,286
442,1,620,286
441,1,621,285
441,1,621,285
443,1,619,281
442,1,618,281
442,1,618,282
442,1,625,282
441,1,618,281
441,1,615,281
438,1,607,278
438,1,607,278
438,1,605,278
438,1,602,278
438,1,602,276
436,1,602,276
436,1,602,276
436,1,601,276
436,1,601,276
436,1,601,273
436,1,599,273
436,1,599,273
436,1,597,272
439,1,602,272
439,1,604,271
442,1,604,271
442,1,604,268
442,1,604,268
442,1,604,268
442,1,604,268
442,1,604,268
442,1,604,267
442,1,604,267
442,1,602,264
442,1,602,264
442,1,602,264
438,2,594,260
438,2,594,260
435,2,594,260
435,2,594,260
435,2,594,260
430,2,589,260
429,2,590,260
427,4,589,263
426,4,586,264
427,4,586,264
427,8,585,265
426,8,585,265
424,8,585,265
423,14,584,268
423,14,584,270
423,14,584,270
423,15,584,270
423,15,584,270
423,15,584,268
423,15,584,268
423,20,584,268
420,20,584,268
417,22,584,268
417,22,584,268
418,22,584,268
418,23,584,268
418,26,583,268
418,27,588,268
416,25,589,266
416,22,587,264
417,17,587,258
417,17,587,258
417,12,587,253
416,12,588,251
416,10,588,251
416,8,589,249
416,5,589,247
416,4,589,244
416,1,588,241
416,2,588,242
414,2,587,239
411,2,584,236
411,2,584,236
410,2,586,233
410,2,586,233
410,2,586,230
410,2,586,230
410,2,586,230
409,2,586,230
408,2,586,231
404,2,583,233
406,2,583,233
406,2,583,233
406,2,583,233
405,4,587,236
405,2,587,236
405,2,586,238
405,2,585,238
405,2,585,241
405,2,585,244
405,2,582,244
402,5,581,249
398,8,582,252
398,8,582,252
399,13,582,254
397,13,579,257
397,17,576,261
394,17,578,261
392,19,576,263
388,24,572,266
388,24,572,266
388,27,570,266
382,27,571,269
382,27,571,269
382,27,571,272
383,32,567,272
383,32,567,274
383,32,567,277
382,32,567,277
380,37,567,281
380,37,567,281
380,37,567,281
378,40,569,283
378,40,569,283
378,40,569,283
376,43,568,284
376,48,568,289
377,45,570,285
372,45,570,286
373,47,570,288
376,47,570,288
376,47,570,288
375,47,574,288
375,47,574,288
375,47,574,288
375,45,574,288
379,45,578,288
379,40,578,286
379,40,578,286
377,39,580,287
378,40,581,288
381,39,584,287
381,39,584,287
379,35,587,285
379,35,587,285
377,33,589,285
384,28,589,282
381,29,590,282
380,27,593,285
382,26,595,284
383,21,596,279
382,18,595,281
383,16,596,279
385,13,595,276
386,10,596,273
387,7,597,270
387,5,597,270
388,4,598,269
387,3,597,268
386,3,596,268
386,3,596,268
386,3,596,268
383,1,595,268
383,1,595,268
383,1,592,268
378,1,592,268
378,1,592,268
378,1,592,268
378,1,592,268
378,1,592,268
378,1,592,271
378,1,589,272
378,1,589,272
378,1,589,273
378,1,589,275
379,2,594,276
379,2,594,279
379,2,594,281
382,2,596,284
382,2,596,286
382,2,596,287
381,4,599,293
381,6,599,294
382,9,600,296
381,12,599,299
379,15,598,302
377,18,600,302
377,18,600,303
377,23,600,308
377,28,600,312
377,28,600,312
377,33,600,314
378,32,596,315
378,34,596,317
378,39,596,320
378,39,596,320
378,39,601,320
378,39,601,320
378,39,598,321
378,39,598,324
378,39,598,324
377,39,598,324
377,39,598,324
377,39,598,324
377,39,598,324
377,39,598,324
377,39,598,324
377,39,598,324
377,37,598,322
377,34,598,320
377,33,598,319
377,31,598,317
377,31,598,317
377,31,598,317
380,31,596,317
381,31,596,317
383,31,596,318
378,31,596,321
380,31,596,322
380,31,596,324
382,34,596,325
382,34,596,328
380,34,592,328
380,40,591,333
376,43,589,333
378,45,587,337
377,48,585,340
376,51,583,342
378,54,581,344
378,54,579,349
374,57,580,351
380,57,580,353
376,60,578,359
380,63,576,362
377,66,574,365
381,72,576,368
378,75,574,373
380,78,572,377
380,81,570,380
383,84,569,383
383,89,569,389
384,95,567,392
384,98,565,399
384,101,568,401
386,106,567,406
388,109,568,411
388,112,570,415
389,115,571,419
391,122,572,423
393,126,575,427
393,126,576,430
395,131,576,434
395,135,578,438
397,138,577,440
397,139,580,440
397,145,579,446
400,146,581,448
400,147,584,451
400,153,585,451
403,153,585,452
404,158,588,455
406,158,588,458
406,158,589,458
408,163,592,458
408,163,592,458
410,165,591,461
410,165,591,461
413,165,594,461
413,165,594,461
415,165,596,461
415,165,596,461
415,165,596,461
415,168,595,458
415,168,595,458
418,168,597,455
418,167,597,455
418,167,597,455
423,165,600,453
423,165,600,453
423,163,601,449
423,163,601,449
423,161,602,446
426,160,602,445
426,157,603,441
432,157,606,438
432,151,606,432
432,150,607,431
432,147,607,427
437,144,610,425
437,144,610,420
437,143,610,420
439,138,612,415
439,138,612,415
438,135,609,411
438,135,609,411
439,130,612,409
439,130,612,409
438,127,609,405
438,125,609,403
438,125,609,403
438,122,609,400
438,122,609,397
438,122,609,397
439,120,610,394
440,118,611,392
440,118,611,392
440,118,611,392
441,114,612,388
441,114,612,388
441,114,612,388
443,114,612,382
443,114,612,382
443,114,612,382
446,109,613,380
451,109,615,380
451,109,615,377
451,109,615,377
451,109,615,377
455,104,620,376
455,104,620,376
463,103,621,373
463,103,621,373
465,107,620,368
465,102,623,366
465,102,623,366
465,102,623,366
465,102,623,366
467,105,622,364
464,105,619,364
467,106,622,365
466,106,621,365
466,106,621,365
466,106,621,366
466,106,621,366
466,106,621,366
466,106,621,366
468,109,623,364
468,109,623,364
468,114,623,369
468,114,623,369
469,113,624,368
469,114,624,369
469,114,624,369
468,117,624,374
471,124,622,372
471,124,622,372
471,124,622,372
471,124,622,372
470,122,621,375
470,122,621,375
470,127,621,375
470,127,621,375
470,127,621,375
468,127,619,373
468,130,619,376
468,130,619,376
465,130,618,376
465,130,618,376
467,130,620,376
467,130,620,376
467,130,620,373
473,131,623,372
473,126,623,373
473,126,623,373
475,127,625,371
475,127,625,371
478,126,628,370
478,126,628,370
484,121,632,370
484,121,632,370
486,121,635,369
486,121,635,369
486,121,635,369
485,119,634,366
485,119,634,366
485,119,634,366
485,119,634,366
485,119,634,366
487,123,633,365
486,121,632,365
486,121,632,365
486,121,632,365
486,121,632,365
486,121,632,368
486,120,632,369
486,120,632,369
486,120,632,371
486,120,632,371
486,120,632,371
486,120,632,371
485,118,634,374
489,113,635,374
489,113,635,374
488,111,637,377
490,113,637,375
490,113,637,375
490,113,637,375
489,111,639,378
488,108,636,379
488,108,636,379
484,106,630,382
483,103,630,380
475,105,627,377
475,105,627,377
473,101,623,379
470,101,620,381
470,101,620,381
470,101,620,381
466,98,619,384
466,98,619,384
466,98,619,384
465,101,620,387
459,101,620,390
459,101,619,390
459,101,620,392
454,104,617,394
454,104,617,394
453,107,616,400
450,107,613,400
450,107,613,400
446,110,615,405
443,110,612,405
443,114,612,409
440,114,610,411
440,114,610,411
439,117,607,417
436,117,610,420
436,117,610,420
433,120,607,423
433,120,607,425
433,120,608,427
432,122,605,431
432,122,607,431
432,122,607,431
428,125,605,438
425,126,604,439
421,126,600,439
417,126,601,439
416,127,600,440
409,127,593,440
410,130,597,445
403,130,596,448
403,130,594,448
401,130,592,448
393,130,589,451
393,129,589,450
392,129,588,453
389,126,590,451
388,126,589,451
385,126,589,451
381,120,590,454
381,120,590,454
379,117,591,451
379,117,591,451
377,114,593,455
375,111,591,452
375,111,591,452
371,104,592,451
367,104,593,449
360,101,591,450
358,98,594,446
356,95,592,442
359,94,590,444
355,93,592,440
353,90,595,444
350,86,592,439
348,83,592,440
348,83,592,437
347,80,591,436
345,77,594,434
345,77,594,434
343,74,597,435
341,71,596,437
341,71,596,434
341,64,596,433
341,64,596,431
341,64,596,432
341,64,596,432
339,61,599,436
339,61,599,436
339,61,599,436
339,61,599,436
340,63,600,436
340,63,600,439
340,65,600,441
340,65,600,441
338,69,603,443
339,69,604,443
339,69,604,443
343,71,605,445
343,71,605,445
342,69,609,442
342,72,609,444
342,72,609,444
340,69,612,448
340,71,613,444
340,71,613,444
340,71,613,444
340,71,613,444
340,71,613,444
345,71,618,444
345,71,618,444
345,71,618,444
345,71,618,444
345,71,618,444
345,71,618,436
340,71,619,436
340,71,619,436
340,71,619,436
341,68,620,433
341,65,620,430
341,65,620,430
341,62,620,427
341,57,620,422
343,57,616,422
341,54,614,419
343,56,616,421
343,55,616,420
343,55,616,420
348,53,613,418
348,53,613,418
346,50,614,413
346,50,614,413
350,55,612,410
351,45,613,407
354,45,611,407
354,45,611,407
353,44,609,403
353,44,609,400
353,37,609,396
353,37,609,396
351,34,606,393
351,34,606,392
351,34,601,392
351,33,601,385
351,30,602,385
351,30,602,383
351,30,602,381
351,30,602,381
350,25,599,378
351,23,597,378
351,23,594,376
351,23,594,376
350,23,593,373
350,20,594,372
348,20,593,369
348,17,593,365
348,15,593,363
349,14,592,362
349,14,592,362
347,11,594,360
352,12,592,359
354,12,594,360
357,12,597,360
363,13,597,361
363,13,597,361
366,15,598,361
369,15,596,363
375,18,599,366
375,18,601,366
380,18,601,366
384,25,602,366
385,25,601,368
391,25,606,373
391,25,607,373
397,28,608,376
397,35,608,380
399,35,613,380
404,36,617,381
407,39,619,384
408,42,620,387
410,41,622,386
415,42,621,390
415,47,621,395
418,50,624,395
420,54,622,398
422,58,620,400
424,59,618,402
420,59,624,402
420,59,624,402
422,63,628,405
422,63,628,405
428,64,634,406
428,64,634,406
428,64,634,406
428,64,644,406
432,64,648,406
432,64,648,406
432,64,648,406
436,57,652,399
436,57,649,402
440,57,653,402
440,57,661,402
440,57,661,402
438,52,665,397
438,50,672,397
438,50,672,397
436,47,675,394
439,44,680,395
439,42,680,393
444,42,685,390
451,36,692,386
448,33,689,385
448,33,689,385
448,33,697,385
448,33,697,385
448,33,697,385
451,32,700,384
451,32,700,384
455,30,699,380
458,29,702,379
458,29,702,379
458,29,695,379
458,29,695,379
458,29,688,379
458,29,683,379
458,29,678,379
458,29,671,379
458,29,664,379
462,31,659,379
462,31,659,379
464,35,662,383
464,35,662,383
468,42,666,385
470,46,664,389
473,44,662,390
475,48,669,389
475,48,669,390
475,48,669,392
475,48,669,392
477,52,667,394
477,52,667,394
479,56,665,396
475,56,661,396
475,56,666,399
475,56,666,399
477,60,664,402
477,60,664,402
477,60,664,405
478,66,665,405
478,66,665,405
477,66,662,406
475,66,662,406
474,71,658,411
474,68,660,408
474,68,658,411
474,71,658,413
474,71,658,413
476,75,663,412
477,79,663,414
477,79,669,414
477,79,671,416
477,79,673,416
479,80,680,415
479,80,682,417
482,78,685,417
482,78,685,417
482,76,687,417
482,76,687,417
482,76,693,417
482,76,693,417
482,71,695,417
482,71,695,417
482,71,695,417
482,71,695,417
480,68,697,421
480,68,697,421
480,68,697,421
480,68,697,421
478,68,697,425
478,69,697,426
478,69,697,427
478,70,696,431
478,71,696,435
478,72,696,439
477,74,695,444
474,76,692,446
473,81,689,453
473,81,689,453
471,80,689,459
469,86,686,463
469,85,684,468
469,85,683,471
469,85,682,477
468,87,681,479
468,89,681,486
467,95,680,489
467,95,680,490
468,97,681,499
470,102,681,504
470,102,682,509
472,105,683,512
473,106,685,520
475,111,687,522
470,111,688,527
472,117,691,531
475,118,694,532
475,118,695,535
475,118,698,538
476,123,705,538
476,123,707,538
477,123,708,538
480,124,711,539
480,124,711,539
483,125,715,539
483,127,720,539
483,127,720,539
483,127,720,539
483,127,725,539
483,127,725,539
483,127,725,539
485,127,730,539
485,127,730,539
485,127,730,539
483,128,733,538
483,128,733,538
483,128,733,538
483,123,735,538
483,123,740,538
483,123,741,538
483,123,743,539
483,120,745,539
483,120,748,539
483,115,751,539
483,115,751,539
483,115,751,539
483,113,752,536
483,107,752,536
480,107,752,535
475,107,752,535
473,104,750,532
471,101,747,533
468,97,751,532
465,98,747,537
462,99,747,536
459,96,744,535
456,98,740,540
453,94,738,538
450,95,740,539
445,94,736,539
442,93,730,538
439,92,732,538
433,97,726,538
433,97,726,538
430,95,724,538
425,95,733,538
422,97,737,540
422,97,739,540
417,97,744,540
414,95,748,539
411,94,751,539
411,95,751,539
411,98,756,539
408,98,759,539
405,98,759,539
400,101,762,539
400,101,770,539
400,101,770,539
400,101,770,539
398,102,775,539
396,102,775,539
391,105,779,539
391,105,779,539
391,105,779,539
392,107,778,539
392,107,766,539
391,107,762,539
387,107,757,539
386,107,757,539
386,107,759,539
383,107,756,539
380,107,755,539
378,107,753,539
375,107,753,539
375,107,753,539
369,107,753,539
367,107,757,539
365,107,757,539
363,107,762,539
357,107,763,539
356,107,769,539
353,107,769,539
347,107,773,539
343,104,780,539
343,104,780,539
339,101,787,538
335,102,792,539
328,102,800,539
324,100,807,538
319,100,815,539
319,100,815,539
313,100,823,539
306,100,831,539
306,100,839,539
306,100,842,539
306,100,851,539
303,100,858,539
300,100,862,539
300,97,870,539
298,97,880,539
298,97,885,539
290,97,889,539
286,99,903,539
286,99,903,539
282,98,915,538
276,98,917,540
276,100,924,540
270,100,927,539
264,105,936,539
264,105,942,538
261,106,948,539
258,110,954,537
255,112,957,539
256,115,958,536
258,117,960,539
250,118,964,539
250,123,964,539
250,123,955,539
252,125,953,540
259,129,946,538
259,131,946,538
266,132,941,540
266,132,941,540
277,137,936,540
284,139,931,539
297,139,919,539
300,140,915,538
312,143,902,538
313,145,897,538
336,150,886,538
341,149,882,539
347,150,877,539
366,150,865,539
374,150,859,539
390,152,852,539
404,152,848,539
417,154,844,539
420,156,847,539
437,156,838,539
453,156,832,539
459,156,829,539
459,156,820,539
466,156,813,539
466,156,806,539
466,156,796,539
473,156,794,539
473,156,783,539
479,156,779,539
485,156,773,539
491,156,763,539
491,156,756,539
496,156,750,539
501,156,740,539
506,156,736,539
511,154,731,539
511,154,725,539
511,154,722,539
515,153,723,539
515,151,724,539
519,151,728,539
521,148,726,538
525,148,728,539
529,147,732,539
533,147,736,539
533,145,736,539
537,145,746,539
541,144,751,539
545,144,755,539
549,144,759,539
547,140,767,540
547,142,767,539
552,142,770,539
556,142,772,539
556,142,772,539
551,141,774,540
549,141,772,540
544,138,771,539
544,138,770,539
537,135,767,539
531,135,764,539
524,134,760,539
517,132,753,538
514,131,747,538
509,132,744,538
505,129,740,538
498,127,761,539
494,126,767,538
492,122,782,540
490,120,795,538
487,118,804,540
481,116,805,539
480,115,802,539
479,114,801,539
478,110,799,533
477,106,797,520
477,106,800,506
481,102,798,494
485,100,801,483
485,100,801,472
491,97,801,466
492,94,802,454
503,90,804,445
505,91,806,438
510,90,806,432
518,89,808,421
526,84,806,413
528,87,805,408
537,83,805,402
542,83,807,393
551,80,805,384
558,79,807,381
563,74,806,371
570,75,811,367
579,73,810,360
582,68,810,354
592,70,809,350
598,69,812,347
602,66,811,339
607,65,812,334
609,65,812,333
617,65,812,325
620,63,812,324
625,63,812,318
625,60,812,316
625,60,812,315
625,60,812,312
627,63,815,308
627,66,813,306
627,63,812,305
625,66,813,303
627,67,813,302
628,67,814,302
630,69,817,300
630,71,818,299
632,73,819,298
633,75,822,297
635,77,822,300
637,79,821,298
636,80,825,298
638,82,823,296
640,80,827,297
642,82,825,295
644,84,824,293
644,84,826,293
644,84,827,293
644,84,827,292
644,84,827,290
646,85,828,289
646,87,828,289
646,87,828,289
646,87,827,286
646,87,827,286
646,87,822,286
645,87,822,286
643,89,818,284
641,88,813,282
640,87,812,282
639,89,808,281
638,87,803,278
634,89,801,278
633,87,797,277
632,88,794,275
631,86,793,272
630,84,789,272
631,87,788,270
630,84,784,266
631,82,782,265
631,78,782,261
633,77,777,259
632,75,779,259
631,73,774,255
630,71,775,254
629,69,771,249
628,67,772,251
628,67,771,245
628,67,768,243
627,65,768,240
627,62,767,240
629,60,766,236
629,60,765,236
628,58,762,234
627,56,761,233
626,54,756,228
624,51,753,223
623,50,749,222
621,47,746,220
619,44,746,219
617,41,741,217
616,39,739,216
615,37,737,215
614,35,735,211
613,33,735,211
612,31,736,207
611,29,737,207
614,28,738,204
614,24,738,202
614,24,738,202
613,22,737,203
613,22,737,203
613,22,737,203
612,24,735,204
610,24,734,204
608,24,730,204
607,26,726,205
607,30,725,208
604,28,724,208
601,30,723,209
600,32,721,210
598,36,718,214
595,39,715,217
592,42,712,219
592,45,713,221
590,46,711,222
588,50,709,225
588,52,706,228
586,56,705,231
584,60,705,233
582,61,701,239
582,65,700,241
580,69,700,242
581,73,703,245
579,74,699,246
582,81,697,249
581,83,698,253
582,84,699,256
583,88,699,258
584,90,698,262
584,94,699,266
586,98,699,268
588,102,700,272
588,103,703,274
592,108,705,275
594,110,706,276
597,112,708,279
599,112,711,282
603,113,713,283
605,114,718,285
606,116,718,284
610,117,721,286
612,118,725,286
613,117,725,287
617,116,727,285
618,115,728,286
621,114,731,283
622,113,735,282
624,111,738,280
626,109,736,279
628,106,740,275
629,105,741,274
632,100,744,269
634,98,747,268
636,92,747,265
638,89,748,263
640,86,753,260
640,82,754,256
642,79,755,254
644,73,756,251
644,74,759,250
645,69,760,249
646,64,759,246
646,60,759,243
645,58,760,245
645,58,758,243
642,56,757,245
641,50,757,243
641,52,753,243
639,52,754,243
638,50,753,245
637,48,754,247
637,52,752,246
637,52,752,248
637,52,752,250
637,52,752,251
636,54,750,256
637,56,751,260
638,58,752,263
639,60,753,268
641,64,754,271
639,68,756,276
640,72,758,281
639,74,758,285
638,76,760,291
637,82,762,293
636,84,762,297
636,86,762,300
633,90,764,304
633,90,764,307
633,90,764,309
633,94,764,312
633,94,766,317
633,94,766,317
633,94,766,317
632,95,770,323
629,95,773,323
629,95,773,323
629,95,775,325
629,95,775,325
629,95,780,330
629,95,780,330
629,90,783,328
629,90,785,333
629,90,785,331
629,85,787,333
629,85,787,332
629,85,792,330
626,80,795,330
626,75,796,330
626,75,796,330
626,70,801,330
630,70,805,329
630,65,805,329
634,60,810,327
634,60,810,327
635,55,816,323
635,50,816,326
635,50,818,326
635,44,818,323
639,44,822,323
639,38,822,323
639,38,825,323
639,38,825,323
639,32,828,322
639,32,825,325
639,32,827,327
639,32,827,329
639,30,827,332
639,30,827,332
639,30,827,337
635,27,831,343
635,27,831,343
635,27,825,343
635,27,827,349
632,32,825,353
632,32,825,355
632,32,825,360
632,32,825,368
632,39,825,370
628,42,825,375
628,42,825,378
628,42,827,384
628,42,827,387
628,42,827,390
628,42,827,393
628,42,827,399
628,42,827,399
628,42,827,406
624,42,833,406
624,42,832,411
624,42,832,411
624,42,832,418
620,43,830,426
620,43,830,426
620,43,830,431
620,43,830,438
617,43,830,444
617,43,830,444
608,51,830,452
608,51,830,452
608,51,837,459
608,51,837,468
608,51,837,468
605,51,837,476
605,51,837,483
605,57,837,489
605,57,837,489
598,57,841,499
598,66,841,503
598,60,841,513
598,60,841,513
591,62,845,523
591,62,845,523
591,62,845,529
591,62,851,535
591,65,851,537
596,65,856,539
596,65,857,539
596,65,863,539
596,65,868,539
601,71,873,539
601,71,875,539
601,71,881,539
607,74,884,539
607,74,886,539
607,79,889,539
607,79,889,539
613,79,895,539
619,84,900,539
619,87,903,539
622,93,906,538
619,94,909,540
616,99,915,538
616,106,917,538
610,109,921,540
610,112,925,540
610,121,928,540
606,122,932,540
606,129,927,539
603,133,921,539
600,137,925,538
596,142,925,538
591,147,931,539
590,151,932,540
587,160,932,540
583,163,928,538
580,171,927,540
579,175,922,538
576,181,913,537
574,186,903,540
573,192,897,537
568,198,887,540
560,202,868,538
549,210,861,539
541,214,855,539
536,220,839,538
526,225,834,539
516,234,813,539
507,240,800,539
493,241,784,538
487,250,766,539
478,251,752,538
464,254,735,538
455,263,727,538
438,266,712,538
425,273,698,539
411,278,683,539
399,281,671,539
379,285,660,538
368,289,646,539
354,291,638,538
350,296,630,539
343,303,619,539
340,304,613,539
335,309,608,539
335,312,592,539
333,319,585,540
336,321,583,538
334,323,581,538
337,325,585,538
338,327,588,538
338,327,588,538
338,327,588,538
341,328,596,540
346,331,601,540
354,332,604,540
357,331,609,538
362,328,612,538
369,325,620,538
372,323,616,540
372,321,620,540
380,321,624,538
385,318,630,538
390,314,628,538
395,311,637,538
398,310,645,539
408,307,647,539
411,305,655,539
423,301,659,539
431,297,661,540
434,289,670,539
437,285,675,540
437,279,678,538
437,274,683,538
440,268,687,540
448,261,687,540
451,256,688,540
454,248,693,540
457,245,697,540
465,238,700,540
470,229,696,538
475,224,701,539
485,214,704,540
492,208,709,539
496,199,708,540
500,193,712,538
509,187,715,538
503,177,713,539
503,170,715,538
505,160,711,539
509,154,713,527
509,147,708,511
507,137,708,500
509,130,706,484
509,125,702,476
507,119,699,467
509,116,697,455
511,113,694,444
509,108,688,440
511,105,688,436
514,105,686,431
517,105,681,428
519,105,680,425
521,108,679,422
523,110,678,419
525,113,677,416
527,116,668,416
529,119,667,413
531,122,666,415
533,125,665,412
535,128,664,414
532,131,661,412
534,134,655,415
534,140,655,416
534,140,650,416
535,146,649,414
535,146,646,414
536,152,645,412
536,152,645,412
536,158,645,412
537,161,644,410
535,161,651,410
535,161,651,410
536,164,656,408
537,167,658,406
538,165,663,406
537,169,662,402
537,169,662,402
540,169,665,396
540,169,665,394
540,168,666,392
541,166,667,386
541,166,667,386
544,162,670,382
547,162,673,374
546,160,675,371
545,158,677,368
545,154,677,364
547,152,676,358
550,148,682,354
552,144,682,347
554,142,681,341
552,139,685,339
557,134,684,329
561,131,686,322
559,124,688,316
561,121,692,311
564,116,693,304
563,109,694,300
566,106,694,295
566,102,694,291
568,96,700,283
568,92,700,279
572,91,704,274
572,88,705,265
576,86,707,264
578,81,708,261
576,79,709,258
580,74,711,251
584,72,715,248
587,69,719,244
590,66,719,241
589,68,721,240
594,67,724,242
594,67,724,240
596,69,723,239
596,69,726,239
596,69,726,239
596,72,726,237
596,72,726,237
595,74,728,237
594,76,722,240
596,78,721,238
596,78,721,243
596,81,721,244
596,84,721,242
596,87,721,245
596,90,721,245
599,93,721,246
599,93,721,248
599,93,715,249
601,96,717,252
601,99,717,253
603,102,714,256
603,102,714,256
603,102,714,256
605,102,710,256
605,102,710,256
607,105,709,259
607,105,709,259
608,107,708,258
606,109,711,260
606,109,705,260
606,109,705,260
605,108,705,261
605,108,705,261
605,108,705,259
605,108,705,259
603,105,703,256
603,105,703,256
602,104,702,256
602,104,702,253
602,104,702,253
602,104,702,253
600,101,700,250
600,101,700,250
600,101,700,250
600,98,699,245
599,97,700,244
597,94,702,242
597,91,700,240
597,88,700,237
593,87,700,233
593,82,700,231
592,81,701,227
591,76,697,225
591,73,701,222
591,72,700,218
591,69,700,217
594,64,702,215
593,58,703,209
592,58,699,209
591,55,700,206
589,55,698,206
588,52,694,203
587,50,695,201
586,49,696,197
585,45,693,196
583,45,691,196
585,42,693,193
584,42,690,193
584,40,690,191
583,36,687,190
582,33,688,187
581,34,685,188
579,31,683,185
578,32,680,186
576,30,678,184
576,29,678,186
577,26,677,183
577,26,677,183
577,26,677,183
576,27,674,184
576,24,674,181
576,22,674,182
575,22,667,182
575,22,667,182
570,23,668,183
571,23,667,183
569,22,665,185
569,19,665,182
569,19,665,182
569,19,665,182
569,22,665,185
570,21,668,187
571,21,671,187
572,26,670,189
570,25,672,191
571,24,675,194
572,29,674,196
573,33,677,200
572,33,678,200
572,36,678,203
571,40,679,207
567,39,679,209
566,43,676,213
563,43,676,213
558,47,673,217
553,47,670,217
549,51,666,221
546,49,665,222
542,53,663,225
540,52,660,228
536,52,660,228
532,56,659,232
532,56,659,232
531,54,656,234
531,54,656,234
529,59,653,235
528,57,654,237
524,57,653,237
524,57,653,237
523,61,655,241
520,59,652,243
520,57,647,245
516,55,646,247
514,55,644,247
513,61,641,249
513,59,641,251
509,59,634,251
509,57,634,253
509,55,634,255
509,59,629,259
508,59,626,259
506,57,624,261
505,55,621,263
503,59,619,267
501,59,617,267
500,61,614,273
495,59,614,275
495,59,614,275
491,61,612,281
491,61,612,281
485,59,609,284
485,61,609,290
480,61,609,290
476,63,608,296
472,63,607,296
468,61,606,299
468,66,606,304
462,66,606,304
462,66,606,304
458,61,605,309
455,63,608,306
451,61,607,309
450,59,609,312
447,65,606,318
445,64,607,317
444,62,609,320
441,62,613,320
440,60,615,323
438,60,617,323
442,52,621,320
440,53,623,320
438,56,625,328
442,56,629,328
440,56,631,328
442,56,637,328
440,53,639,330
440,50,639,333
440,50,647,333
440,47,647,336
438,47,649,336
440,53,655,342
444,53,659,342
442,50,661,345
444,47,667,348
446,47,673,348
448,47,680,348
455,44,682,351
457,41,689,354
457,41,689,354
460,47,696,360
461,44,697,363
456,47,702,372
462,50,708,369
462,47,708,372
462,54,708,379
467,47,713,385
467,47,713,385
463,54,719,391
463,54,719,391
461,51,722,395
461,51,722,395
461,48,722,399
456,44,717,402
451,48,723,413
451,48,723,413
451,48,723,413
446,52,729,424
449,44,726,431
449,47,726,431
444,47,727,433
441,51,730,445
441,51,730,445
441,51,730,445
432,47,727,449
432,55,727,457
432,55,727,457
435,47,724,465
435,55,724,473
423,51,724,477
423,60,724,486
423,56,724,490
414,65,721,499
414,61,721,504
408,70,715,513
408,70,715,513
408,73,715,524
399,71,711,527
399,71,712,534
396,71,710,540
394,71,708,540
388,71,702,540
388,74,702,540
388,81,699,540
380,81,691,540
377,81,681,540
377,91,678,540
371,87,671,539
370,89,671,539
366,94,670,540
363,99,675,540
360,99,686,539
360,103,691,540
356,108,696,539
354,111,703,539
354,118,710,539
347,118,714,539
343,128,721,539
337,131,721,539
334,131,728,539
332,131,736,539
327,140,736,539
327,140,736,539
323,144,739,540
323,144,747,540
319,144,755,540
320,146,764,540
319,151,764,540
319,151,764,540
316,155,764,538
335,159,769,540
350,159,769,540
360,159,769,540
364,163,766,539
383,167,762,539
394,171,758,538
407,173,755,539
414,173,745,539
422,172,739,539
434,173,733,539
442,176,727,539
457,178,722,539
465,177,718,538
476,178,709,539
479,178,704,539
480,178,695,539
484,178,687,539
482,182,681,536
487,182,677,539
490,182,670,539
492,182,666,539
496,182,659,539
497,182,655,539
500,182,658,539
503,182,661,539
511,182,664,539
510,184,673,540
516,183,682,538
518,181,685,540
522,180,697,539
526,180,701,539
526,180,701,539
536,175,706,539
535,178,710,539
535,178,710,539
530,176,715,539
534,176,714,539
534,176,714,539
534,176,719,539
534,176,719,539
534,176,719,539
538,176,723,539
538,176,728,539
542,176,726,539
542,176,740,539
544,176,748,539
548,176,754,539
542,175,774,539
542,175,788,539
542,175,805,539
542,168,811,540
542,168,811,540
546,168,809,540
546,168,809,540
546,163,809,540
551,160,805,540
551,160,804,540
554,155,802,537
559,153,796,529
564,148,796,514
569,144,796,507
574,144,794,497
581,140,800,487
589,134,800,479
596,132,806,466
602,129,808,463
603,128,810,453
609,123,812,444
613,119,814,434
611,117,816,425
609,116,818,422
607,113,818,416
604,110,820,407
603,107,822,404
603,106,822,398
605,103,820,389
602,104,820,387
601,100,822,384
603,99,820,376
605,97,818,374
607,95,816,367
609,93,814,360
609,90,814,360
612,88,810,355
610,82,807,353
614,79,801,345
614,80,799,343
615,75,795,338
614,72,790,335
620,69,785,332
617,66,782,327
617,66,779,327
617,66,779,327
617,65,779,324
619,64,775,324
619,64,775,321
619,64,775,321
619,64,772,321
619,64,772,318
619,64,770,318
619,59,765,315
619,59,767,316
619,59,761,316
610,59,763,316
607,59,760,315
607,56,760,315
604,56,760,310
601,56,759,310
601,51,758,307
595,51,758,307
592,51,755,307
589,51,755,307
584,50,755,307
581,50,752,307
575,50,747,302
575,45,744,304
566,45,744,302
565,43,740,300
559,41,736,299
559,41,733,296
552,39,729,295
548,39,725,295
548,39,725,295
544,39,721,290
540,39,717,290
539,39,715,293
540,39,711,293
537,39,708,292
537,39,708,290
534,39,705,290
534,39,705,290
536,39,701,284
536,39,701,284
536,39,701,284
533,39,698,284
530,39,695,284
530,39,695,284
523,44,691,284
523,44,694,282
521,44,698,282
517,44,702,282
517,44,702,282
516,47,704,286
513,47,704,284
511,47,708,283
511,47,708,283
511,47,708,283
511,47,708,283
507,47,709,283
507,47,706,283
507,47,706,283
505,50,705,286
505,50,705,286
505,50,703,286
505,50,700,286
503,53,696,284
503,53,696,284
507,52,694,289
507,52,694,289
509,52,690,287
511,53,688,294
511,54,686,289
515,52,685,294
518,52,681,294
521,52,677,294
523,53,681,297
529,52,676,297
535,53,675,297
538,53,677,297
546,51,677,302
549,54,678,297
552,52,679,302
552,53,677,302
552,53,682,302
552,54,687,302
552,54,690,302
552,54,696,302
552,54,699,302
552,54,704,302
555,54,706,302
552,54,711,299
552,54,711,299
552,54,717,299
552,56,719,299
552,61,721,299
555,61,722,297
552,61,726,299
552,61,726,299
552,66,727,299
549,66,729,298
549,66,729,298
547,69,731,300
547,69,731,300
547,69,731,300
549,72,729,298
549,72,732,301
549,72,732,301
549,77,732,306
549,77,732,306
549,77,732,306
551,79,735,309
551,79,735,309
551,79,735,309
553,78,736,305
553,78,736,305
557,78,737,303
557,78,737,303
561,78,741,303
563,76,739,302
567,77,742,302
571,78,742,301
576,76,741,301
581,78,743,299
583,80,747,299
585,78,745,300
587,80,744,298
590,80,747,298
590,80,744,295
593,80,745,294
593,80,745,294
593,80,745,293
590,76,744,288
593,76,747,285
593,72,747,281
592,70,746,280
591,68,747,274
590,66,746,275
589,65,746,272
591,59,744,269
590,57,746,266
589,55,746,265
588,53,746,261
587,51,743,258
586,49,745,260
585,47,746,256
584,41,746,254
583,39,745,250
580,39,745,248
579,37,744,248
579,33,744,244
579,33,746,244
578,31,747,240
578,27,749,239
578,27,749,239
578,27,750,239
578,23,751,236
578,23,751,236
578,23,751,236
578,23,751,236
578,23,751,236
581,23,752,233
581,23,757,234
581,19,755,232
583,21,757,235
585,19,758,232
585,19,758,232
585,19,758,232
585,19,760,232
585,19,760,237
585,19,760,237
587,21,759,238
587,21,759,238
589,23,758,241
589,23,756,241
589,27,756,243
586,27,753,243
586,27,751,245
583,31,748,249
583,31,746,249
583,31,745,249
580,31,742,249
580,31,745,249
580,31,745,252
577,35,747,256
579,37,746,256
578,39,747,259
580,41,746,262
579,43,744,267
579,48,747,270
580,53,746,272
579,55,747,276
581,57,747,280
580,59,748,283
579,61,749,284
579,61,748,289
579,61,749,292
584,64,746,293
584,64,753,293
584,64,753,293
586,66,754,296
589,66,756,301
589,66,756,301
591,69,755,301
591,69,755,304
591,69,755,304
591,64,755,307
591,64,755,307
590,67,755,309
590,67,755,309
589,65,754,309
589,65,753,308
589,60,751,310
589,60,751,310
592,60,754,310
592,60,754,310
595,60,757,312
595,60,757,312
595,55,758,312
595,55,758,312
595,50,759,313
594,48,761,311
594,48,761,311
593,46,763,314
593,41,764,317
592,44,767,316
592,44,770,318
592,39,773,321
592,39,776,321
590,36,778,324
593,34,784,327
593,34,784,327
593,34,791,330
593,34,797,336
593,34,800,336
597,34,810,339
597,28,812,342
597,28,818,342
597,28,823,345
597,28,826,348
597,22,832,350
597,22,838,352
597,22,838,352
597,22,846,355
597,22,849,357
597,15,856,360
597,15,858,367
597,15,867,370
597,15,873,377
603,15,880,382
603,15,885,387
603,22,890,394
606,26,895,398
606,26,898,407
609,30,905,415
609,30,911,422
612,34,915,429
606,34,921,439
603,38,922,445
598,43,923,450
595,47,927,462
593,51,932,470
586,52,933,479
583,57,936,491
580,53,940,501
580,62,948,510
580,62,950,521
569,67,954,533
565,63,958,538
563,65,960,539
561,66,964,539
556,72,970,540
550,72,974,539
543,71,978,540
539,74,983,540
534,68,984,538
527,73,985,540
520,72,988,539
513,70,993,539
507,71,998,540
502,72,1002,540
493,74,1009,540
488,74,1014,540
486,74,1023,540
479,74,1018,538
474,79,1004,540
471,81,994,540
466,81,994,540
463,87,992,539
460,89,998,538
459,94,1006,540
454,93,1012,539
458,98,1017,538
459,98,1021,538
465,103,1021,540
462,105,1018,540
462,105,1006,539
459,112,1001,540
454,108,985,540
459,112,978,539
449,117,966,539
439,124,953,538
436,128,943,539
430,127,930,539
418,129,922,539
409,133,914,540
404,141,898,539
398,145,888,539
392,150,879,539
390,153,866,540
385,156,852,539
377,163,837,538
371,169,821,540
372,173,805,537
359,179,790,539
357,182,777,539
363,185,763,539
354,191,756,538
358,195,745,539
357,203,738,540
361,204,737,540
362,205,731,539
360,204,733,539
361,205,735,538
365,209,737,538
371,204,737,540
380,202,740,538
394,199,744,540
409,196,748,539
412,185,749,540
415,188,760,540
424,177,769,538
437,167,772,540
447,170,779,539
457,163,784,538
465,152,787,539
477,143,789,539
485,135,793,539
493,131,798,538
501,127,805,537
515,120,812,539
522,117,819,540
531,110,821,538
536,101,828,540
544,99,833,538
552,97,839,538
560,95,850,539
570,99,856,539
576,100,864,540
588,105,873,539
594,111,880,539
602,114,885,539
605,118,891,538
611,126,896,539
612,135,898,538
616,149,902,540
613,159,907,539
612,170,910,540
612,183,911,539
605,186,908,538
599,200,901,539
590,211,892,539
578,220,881,540
569,226,872,540
557,229,859,539
545,232,846,539
541,235,837,539
529,238,825,538
517,241,817,538
509,241,804,539
498,242,794,539
489,242,785,539
484,240,779,540
478,241,770,540
475,242,761,537
475,237,759,534
478,232,760,526
481,230,757,523
484,227,756,516
484,222,759,511
487,222,762,510
496,223,761,507
499,220,765,503
504,218,767,502
507,218,767,495
507,216,770,494
512,215,770,492
513,212,773,488
518,207,778,485
521,210,778,483
524,205,779,478
524,202,779,475
527,201,780,472
530,196,785,468
531,194,786,464
536,189,788,460
536,189,788,457
539,187,794,450
542,182,795,447
543,179,800,445
543,176,802,445
546,177,802,440
549,171,809,435
553,169,813,435
553,167,815,432
553,167,821,432
556,161,822,432
556,161,825,429
556,159,828,429
556,159,830,424
555,154,836,424
557,154,838,424
556,149,839,419
557,149,841,416
557,146,846,415
556,141,850,410
559,142,854,408
560,137,855,405
563,133,861,404
561,130,865,399
561,125,871,399
567,126,875,397
567,126,881,396
573,121,886,394
573,121,891,394
573,116,897,391
576,116,899,392
577,114,900,390
577,114,901,390
577,111,908,390
584,111,913,390
583,110,915,390
583,110,915,390
585,108,924,393
585,108,926,395
590,108,933,397
594,106,935,399
591,109,942,403
598,110,949,407
598,110,956,407
600,111,963,414
603,110,969,416
603,110,976,421
611,110,986,423
612,112,994,428
612,112,1002,434
612,115,1011,437
612,114,1017,442
612,114,1025,445
612,114,1034,452
612,114,1044,454
612,114,1050,459
612,114,1059,464
612,114,1069,470
612,114,1076,478
612,114,1087,487
612,114,1097,494
612,114,1107,499
609,111,1116,505
610,109,1122,509
606,104,1134,517
607,100,1144,518
602,96,1150,522
601,91,1157,525
596,87,1163,530
597,83,1173,535
594,79,1177,535
593,75,1186,540
590,65,1196,540
584,61,1199,540
585,55,1210,538
580,51,1218,539
579,50,1224,539
573,44,1230,540
568,41,1237,540
564,36,1243,540
562,38,1253,540
558,36,1258,539
549,34,1261,539
547,30,1270,539
540,31,1268,540
534,31,1268,540
526,32,1278,540
520,32,1278,540
510,32,1277,539
495,32,1265,539
486,32,1251,539
464,39,1241,538
456,40,1199,538
447,45,1182,539
429,42,1154,539
419,41,1148,538
400,46,1138,540
368,46,1123,540
352,46,1102,540
337,50,1094,539
322,50,1079,539
317,51,1064,539
317,52,1049,539
314,56,1037,539
306,56,1022,539
308,64,1008,539
317,65,994,539
322,72,979,538
333,72,966,539
339,77,950,540
352,77,933,540
359,77,922,540
370,77,915,540
384,77,910,540
394,77,896,540
404,83,886,540
416,82,880,538
423,85,876,539
438,83,864,538
449,86,860,539
458,78,852,540
468,77,848,540
479,76,837,540
479,75,832,540
474,73,820,539
470,69,810,539
465,66,800,540
461,65,793,540
455,62,782,538
447,59,773,539
447,57,765,538
453,51,757,539
455,51,753,539
455,51,745,539
468,45,741,539
468,42,744,538
466,42,743,539
468,42,743,539
473,40,743,539
476,37,743,539
479,37,744,539
482,39,745,540
486,38,746,539
487,40,747,539
490,40,744,539
491,40,744,539
494,45,742,539
497,50,741,540
500,57,739,538
502,55,739,539
503,60,740,540
504,65,738,539
500,70,737,538
496,72,734,540
493,77,732,538
490,79,729,539
490,84,727,540
488,84,725,539
486,89,723,538
486,89,721,539
486,94,722,540
482,99,715,539
485,98,713,540
485,98,713,540
487,103,711,539
487,103,711,539
489,107,708,540
492,107,708,540
492,107,708,540
496,107,705,540
499,107,701,534
499,110,701,526
499,110,701,519
499,109,701,511
499,109,701,504
495,108,700,496
495,103,700,489
495,101,700,481
495,96,700,474
495,98,700,460
495,98,700,452
491,91,701,445
491,87,698,438
487,80,696,431
487,81,696,417
487,74,696,410
487,71,696,404
485,66,695,395
481,64,696,388
481,64,696,388
481,58,694,382
477,58,696,375
477,57,695,368
477,57,695,368
477,57,695,368
471,52,692,364
471,53,689,358
471,53,692,358
471,53,692,358
471,47,692,352
471,47,692,352
471,55,698,352
471,55,698,352
471,55,698,352
471,55,698,352
471,55,698,352
473,58,696,349
473,58,696,349
469,58,692,349
469,61,692,349
467,69,691,348
469,70,684,351
465,71,686,355
465,71,686,355
461,77,682,355
463,83,682,358
467,83,680,358
467,83,680,358
469,86,678,356
469,86,678,356
469,86,678,356
473,86,682,356
477,89,679,351
477,89,679,351
483,91,684,354
483,90,682,353
483,91,681,353
487,86,680,348
487,86,678,348
487,86,677,348
487,86,674,348
487,86,673,348
487,86,673,348
487,86,673,348
491,86,670,343
491,86,670,343
491,86,670,343
491,86,668,343
491,86,668,343
495,86,666,343
495,86,666,343
495,86,665,346
495,86,665,346
497,89,667,347
497,89,667,347
500,89,671,348
500,89,671,348
500,89,671,348
500,89,671,348
500,89,671,348
500,89,671,347
500,89,671,347
497,89,668,347
495,87,668,343
495,82,668,343
490,80,666,340
490,80,666,337
488,78,663,335
486,76,663,336
486,74,663,334
484,72,663,328
484,67,663,328
482,65,665,323
486,60,663,319
484,58,665,317
487,56,661,315
487,53,664,314
487,53,664,314
487,53,664,314
489,51,670,314
489,51,670,314
489,51,670,314
495,54,672,312
495,54,672,312
495,54,672,317
495,54,670,317
495,54,670,316
495,54,670,316
497,57,669,314
492,55,668,317
492,55,668,318
492,60,668,322
492,60,671,324
492,61,671,325
494,64,676,326
494,64,676,326
496,67,681,332
496,67,681,332
498,70,684,335
498,70,684,335
498,70,687,335
498,70,690,337
498,70,690,337
496,68,692,340
496,68,692,340
493,66,694,338
493,66,694,338
489,66,690,338
485,66,689,341
485,64,689,341
481,64,691,341
478,64,691,344
474,64,687,344
474,64,687,349
470,64,688,349
470,64,688,349
468,61,690,352
466,62,689,358
462,62,685,358
462,68,685,364
456,68,685,364
450,68,685,366
450,68,685,367
448,67,682,370
445,67,682,376
440,67,682,376
440,67,682,376
440,67,682,376
434,67,685,382
432,70,683,384
430,67,686,387
425,68,683,390
423,65,683,393
416,69,682,394
409,66,680,398
407,65,676,402
402,65,677,402
399,65,677,402
393,65,677,407
393,65,677,407
391,65,677,407
385,65,677,414
385,72,677,421
385,72,677,421
379,72,680,421
379,72,680,424
379,72,680,424
379,72,680,431
374,72,680,437
374,72,680,437
369,72,680,443
369,72,680,443
369,72,680,443
358,76,682,448
358,76,682,450
352,76,687,455
345,76,687,457
345,84,687,465
338,84,689,467
338,84,689,476
338,84,689,478
331,92,693,486
331,92,693,493
328,96,697,498
328,96,697,501
325,100,701,510
325,100,701,515
325,108,701,520
325,108,707,523
325,116,707,530
321,112,711,534
324,114,715,539
323,119,719,538
323,119,719,538
325,125,722,539
325,125,722,539
321,126,726,539
321,128,723,539
321,128,723,539
321,133,723,539
321,133,723,539
325,137,719,538
317,137,719,539
317,137,719,539
317,137,719,539
321,141,715,540
321,147,715,540
321,147,715,540
325,151,711,538
325,151,711,539
325,151,711,539
334,157,711,539
341,157,711,539
348,157,711,539
356,162,711,539
363,162,711,539
370,162,712,539
377,162,711,539
384,164,711,539
384,164,711,539
391,172,709,539
397,173,707,539
397,173,707,539
397,167,707,539
397,167,705,539
397,167,705,539
391,167,701,539
389,167,699,539
395,167,698,539
395,167,698,539
392,168,697,539
392,168,694,539
386,168,691,539
386,168,691,539
380,168,688,539
374,168,688,539
374,168,687,539
374,174,681,539
374,174,681,539
370,173,679,539
370,173,679,539
364,173,673,539
365,180,672,534
365,177,670,531
365,181,670,528
370,181,670,528
370,180,671,521
373,184,668,518
378,186,673,517
381,187,677,514
384,187,676,511
381,187,677,508
384,187,678,506
386,187,679,503
389,188,678,500
390,190,678,495
387,187,677,492
390,186,681,493
388,188,678,490
391,186,675,487
388,187,676,484
391,187,676,481
391,182,675,477
394,184,669,474
391,178,669,470
394,178,667,467
394,178,667,467
394,178,662,466
396,178,661,464
396,175,656,463
399,176,654,463
400,175,656,459
399,175,653,458
399,174,651,452
399,172,651,452
404,169,645,450
404,168,642,448
404,166,642,445
405,166,642,443
405,164,637,440
407,164,637,438
412,159,637,433
417,158,639,427
417,158,639,427
420,155,635,424
420,152,635,419
425,154,634,415
425,150,634,411
427,150,630,412
429,146,628,412
433,144,625,412
435,141,622,410
435,141,619,410
439,138,614,411
441,134,610,409
443,135,601,407
445,133,600,405
447,129,591,405
449,129,589,403
449,128,579,403
454,124,572,401
456,124,567,396
458,124,562,396
461,119,552,394
462,120,551,392
463,117,548,390
463,117,548,390
464,115,544,387
464,115,544,387
464,115,544,387
461,113,546,384
461,115,548,384
461,115,555,384
462,118,556,382
462,118,563,382
464,121,567,382
467,119,574,376
469,124,581,378
473,124,592,377
478,124,598,372
480,124,606,373
486,127,616,370
488,127,626,369
492,130,633,367
496,130,640,368
500,132,651,364
507,132,661,366
514,137,673,364
518,137,684,363
525,137,691,363
532,137,701,363
536,142,708,360
543,142,715,360
546,142,721,360
551,144,728,360
556,146,730,358
561,148,735,357
566,146,740,356
571,148,742,354
576,146,746,353
581,148,747,354
586,146,749,353
591,148,751,351
599,150,751,349
602,150,753,344
604,149,749,338
604,146,750,333
608,141,749,328
607,139,748,322
607,136,750,319
608,135,749,313
608,131,749,307
608,128,751,302
610,123,756,294
609,122,760,289
608,121,764,285
604,117,769,281
603,116,773,280
599,112,777,277
596,112,778,273
590,111,777,272
586,108,778,269
584,107,778,269
580,104,779,268
578,103,776,265
576,102,772,267
574,101,774,266
572,99,774,268
574,98,770,267
576,97,771,266
576,97,769,267
580,97,764,269
578,96,760,270
580,95,756,271
578,93,751,273
577,95,747,273
575,93,741,270
574,91,737,273
570,93,735,274
570,93,728,274
566,95,725,279
565,93,720,280
565,93,717,280
565,95,709,281
565,95,704,281
565,95,704,281
567,97,700,282
569,99,696,285
570,99,694,287
573,101,693,290
576,101,691,291
580,101,686,291
582,105,685,291
584,105,683,293
587,103,679,295
588,105,676,299
592,107,671,297
591,105,666,298
591,105,661,298
592,105,655,298
592,105,655,296
593,103,657,295
593,103,657,295
593,101,659,294
592,99,660,291
591,101,660,290
591,99,661,287
588,97,659,286
587,95,659,288
586,93,662,285
585,91,663,284
585,91,663,282
585,91,665,280
582,91,668,280
580,87,671,276
578,87,671,276
578,87,673,276
576,87,676,274
575,85,677,273
573,85,677,273
572,83,679,269
571,81,680,270
569,81,680,270
568,79,681,267
565,79,680,265
563,79,680,265
563,79,680,265
562,77,681,262
562,77,683,264
560,77,683,262
558,77,684,262
555,73,683,259
555,73,683,259
555,74,683,260
554,76,682,262
554,76,683,262
554,78,683,262
553,80,682,261
550,80,684,260
552,80,683,261
552,80,683,261
552,81,680,263
552,81,680,262
549,81,677,262
552,80,677,260
552,80,677,260
553,82,676,261
553,82,673,261
553,82,673,261
555,82,672,261
555,86,670,264
555,86,670,264
555,86,667,264
555,86,662,264
555,86,662,264
556,86,661,263
556,86,661,263
556,88,658,262
556,88,658,262
557,90,657,261
558,92,656,264
557,92,653,263
557,92,652,263
557,92,646,263
555,92,649,265
555,92,648,265
555,92,646,265
555,92,646,264
553,92,644,262
553,89,643,259
553,89,641,259
553,89,641,257
553,89,640,257
553,86,638,254
551,86,636,254
551,86,636,254
550,83,636,251
550,83,635,248
550,80,634,246
550,80,633,246
549,75,631,244
548,77,628,242
547,73,628,241
545,70,629,239
544,72,629,238
544,67,629,236
545,67,628,236
542,65,627,234
541,64,628,234
540,63,625,233
537,60,624,232
535,62,620,231
533,59,620,233
531,59,620,231
533,59,622,231
533,56,622,228
533,56,622,228
534,55,622,229
533,54,623,226
534,50,624,225
535,48,625,224
534,46,625,221
534,46,625,220
534,46,625,220
533,43,626,216
531,43,624,216
529,40,622,213
527,40,625,213
526,35,624,211
525,37,624,209
524,36,624,206
523,32,625,205
524,31,628,205
525,30,629,204
527,30,631,203
527,30,631,203
528,32,635,202
528,32,635,202
530,33,641,201
531,35,640,202
530,34,643,204
531,36,644,202
532,38,646,204
531,40,650,204
531,40,650,204
532,43,652,206
531,45,654,205
531,45,653,205
532,47,654,206
533,49,658,207
534,51,660,208
537,54,664,208
538,54,667,210
539,57,668,213
537,60,669,215
539,62,671,216
539,65,674,220
541,67,674,220
543,69,679,224
545,71,680,223
544,70,685,225
546,72,689,224
548,71,693,226
547,70,694,225
549,72,696,229
551,71,698,226
548,71,702,228
551,68,704,227
548,68,704,227
547,67,706,224
546,63,708,223
545,62,705,223
544,64,706,221
543,60,707,220
542,56,707,220
541,55,704,219
540,51,705,220
539,50,706,216
539,47,705,216
536,44,707,214
536,40,705,213
535,39,705,210
536,36,705,211
535,34,706,211
531,32,705,206
530,27,705,204
532,25,708,203
532,21,708,202
532,17,710,200
532,17,710,200
530,15,712,202
530,15,711,202
528,13,711,204
528,13,710,204
530,15,710,207
529,15,710,207
529,15,710,207
529,15,710,208
529,15,710,213
529,15,710,213
531,20,711,216
532,23,711,221
532,23,711,227
534,26,712,232
536,32,711,235
533,32,710,241
533,36,710,245
535,42,709,247
535,46,707,253
534,46,706,256
531,46,706,259
531,50,705,263
531,54,705,267
531,54,705,267
530,56,706,272
530,56,706,275
530,56,706,275
530,56,709,281
530,56,709,283
526,56,711,283
526,56,711,285
526,56,711,285
522,56,712,290
522,56,712,290
520,54,712,292
516,49,713,294
514,43,713,293
514,43,713,295
510,43,711,297
506,38,713,300
506,38,710,302
502,38,708,305
500,36,710,308
496,36,709,316
496,36,707,321
490,39,705,323
486,39,704,330
482,39,705,336
482,39,703,343
478,39,701,348
474,37,702,348
474,37,700,356
469,37,701,358
469,37,698,364
464,37,699,366
464,37,693,373
459,37,695,380
454,37,693,389
449,37,690,392
444,44,685,399
439,44,685,405
434,44,685,410
434,44,684,416
429,44,681,419
426,44,681,427
421,52,676,435
416,52,679,442
416,52,678,444
411,52,678,452
406,52,670,458
406,52,672,464
401,60,672,472
396,60,674,477
393,56,669,486
387,65,670,495
381,65,671,507
378,61,672,520
375,66,674,533
371,67,674,539
367,70,677,540
364,70,679,539
360,73,687,539
357,71,691,539
354,67,696,538
351,70,700,540
348,69,705,539
346,75,688,539
343,77,692,540
338,77,685,540
340,79,668,540
340,81,671,540
340,82,671,540
340,82,671,540
340,81,680,539
340,83,690,539
343,87,700,539
343,87,709,539
347,92,717,538
351,92,726,538
355,97,737,540
359,97,749,539
358,100,752,539
363,104,764,538
367,109,767,539
372,110,777,540
387,118,782,539
399,118,787,540
446,127,797,540
455,136,808,539
455,143,814,538
461,150,824,539
473,156,832,539
481,168,837,540
492,180,845,540
503,191,845,538
509,203,850,539
518,216,859,539
526,226,865,538
529,238,867,539
538,248,870,538
540,258,873,539
549,272,870,539
551,284,869,539
557,292,868,538
562,301,867,538
568,307,862,539
578,319,857,540
578,325,857,540
584,331,851,540
598,338,844,539
601,344,841,539
604,352,839,540
607,355,841,539
607,360,835,540
607,362,830,540
607,364,825,540
607,369,825,540
607,369,825,540
605,371,819,539
605,372,819,539
592,373,818,539
590,374,812,540
590,374,812,540
586,373,810,539
579,373,807,540
577,374,810,539
575,371,805,540
571,368,805,540
569,368,800,539
567,365,801,539
565,360,799,539
561,359,799,539
561,358,794,539
557,351,792,539
553,351,788,539
551,346,783,538
544,344,780,540
546,338,777,540
544,339,775,539
542,336,775,539
545,334,771,540
543,332,766,540
542,332,766,540
545,329,766,540
543,323,763,539
545,323,762,540
545,321,762,540
547,320,765,540
545,314,764,539
547,313,761,538
549,309,759,540
549,307,757,540
547,300,756,539
545,299,757,540
547,295,757,540
545,295,762,540
543,290,764,539
545,292,764,539
543,288,767,539
541,284,764,540
541,284,764,540
542,282,762,539
542,279,762,539
542,279,755,539
544,277,753,538
542,276,752,539
541,275,752,539
540,274,750,538
537,269,748,539
537,269,745,540
537,264,744,540
537,261,742,538
537,261,740,536
537,259,734,531
537,256,736,525
537,250,737,520
537,250,737,520
536,242,735,515
539,242,732,510
539,242,734,505
539,242,734,505
539,241,731,502
539,236,731,497
539,231,733,498
539,231,733,493
539,231,733,493
543,231,732,488
543,226,732,488
543,226,732,485
544,223,733,482
544,223,733,475
544,218,733,475
544,218,733,472
540,213,732,470
540,213,732,468
540,213,733,465
540,208,732,463
540,208,731,462
536,203,727,462
536,203,727,462
536,203,727,458
536,198,727,456
534,196,724,458
532,194,723,458
530,192,722,454
526,192,721,453
524,190,723,450
524,185,723,452
524,185,723,452
520,180,723,451
518,178,724,448
518,178,724,448
520,176,725,451
520,176,725,451
518,173,727,454
518,173,733,455
518,173,734,458
518,173,736,461
518,173,737,466
514,173,742,468
514,173,745,473
509,173,745,473
507,170,748,476
507,170,749,477
502,170,752,482
502,170,757,484
497,169,760,487
497,169,760,487
495,166,764,491
490,166,768,492
484,166,771,492
484,166,771,492
476,168,769,494
470,167,774,495
468,167,778,496
465,164,780,493
462,164,779,493
459,164,785,492
459,164,788,492
457,164,793,491
455,164,797,491
453,163,800,492
449,160,802,493
448,158,808,493
445,157,807,492
444,157,807,494
441,159,808,497
438,156,810,498
432,153,810,501
429,155,812,504
424,151,809,507
419,150,807,507
415,150,806,511
411,147,809,513
407,144,807,517
403,141,811,521
399,137,815,525
395,138,813,532
391,134,817,536
387,133,815,538
383,131,817,539
377,127,802,540
368,127,799,539
364,121,801,540
357,118,800,540
348,111,791,539
344,106,794,538
339,103,791,539
330,98,785,540
327,99,788,539
321,95,793,539
315,93,798,539
309,90,802,539
309,91,807,540
304,90,814,540
300,88,822,539
307,88,831,540
312,93,837,538
305,92,844,540
304,93,856,539
312,92,868,539
315,93,877,539
318,96,883,539
325,94,895,539
334,97,904,540
340,97,914,539
340,96,924,540
340,96,933,540
345,96,944,540
345,96,955,540
344,96,966,540
344,96,975,540
344,96,984,540
344,96,992,540
345,95,1007,540
345,89,1017,540
345,89,1023,540
345,84,1030,540
345,84,1039,540
345,84,1039,540
348,80,1051,539
348,80,1051,539
341,78,1056,539
341,78,1078,540
343,77,1101,539
343,77,1110,539
339,75,1128,540
340,75,1112,539
340,73,1100,540
339,73,1088,539
339,74,1072,539
339,77,1060,539
340,77,1050,539
336,79,1034,540
336,79,1024,540
336,79,1012,540
336,81,997,540
336,83,986,540
336,87,975,538
340,89,964,538
335,88,951,539
335,88,943,539
338,91,934,540
338,91,924,539
343,91,914,538
343,91,900,539
354,91,891,539
354,91,882,539
363,91,873,539
363,91,863,539
373,96,851,539
373,96,845,539
382,96,838,539
387,100,831,529
387,96,823,523
395,101,814,519
395,101,806,519
395,101,800,513
398,101,795,508
398,101,790,508
405,101,789,503
405,101,787,500
405,101,782,497
413,101,782,494
413,101,780,491
413,104,774,487
420,104,773,487
420,104,773,487
427,112,772,481
431,109,776,480
435,113,778,479
435,113,778,479
442,113,778,479
442,115,783,472
449,115,782,472
449,115,782,472
449,115,782,466
456,115,786,466
456,115,786,461
458,113,786,461
465,110,790,456
465,110,788,454
465,110,790,454
465,110,790,444
472,108,788,442
475,105,788,441
475,105,787,436
475,98,788,434
481,98,785,432
475,95,787,427
481,95,783,427
481,89,781,424
481,89,780,422
481,89,779,419
481,89,776,419
481,89,776,419
481,88,771,416
486,86,771,413
486,86,770,413
486,79,767,411
486,79,766,411
486,79,765,411
492,79,762,412
492,79,762,414
492,79,762,414
495,83,763,416
495,86,757,418
495,86,755,418
495,86,752,418
495,86,744,417
495,86,736,417
491,90,730,414
491,90,724,414
488,90,716,414
486,90,713,414
486,90,704,414
482,90,697,414
481,92,693,415
477,92,696,412
477,92,696,412
475,92,700,409
475,92,700,409
475,92,703,407
475,92,706,404
475,92,707,403
475,87,714,398
475,87,717,398
475,81,712,395
475,81,712,394
475,79,707,391
477,74,710,387
477,74,710,387
475,71,713,385
479,70,710,385
477,67,729,383
475,64,732,386
474,61,724,383
472,58,724,383
470,55,724,384
468,52,721,380
466,49,723,383
466,49,723,383
464,46,720,381
462,46,720,379
459,46,720,373
459,46,720,381
456,47,720,387
456,47,722,388
455,47,723,390
455,47,725,390
455,47,727,392
457,47,732,395
460,51,737,397
460,51,743,402
465,54,748,401
468,58,753,406
469,57,757,409
469,61,762,412
471,66,766,415
474,70,772,420
472,73,773,424
475,75,777,427
473,79,779,432
475,83,782,435
472,80,787,439
475,84,789,445
472,88,791,453
469,92,792,458
469,92,792,467
468,95,792,468
466,100,795,480
463,100,797,485
461,103,795,490
458,106,794,498
451,106,792,503
444,111,791,511
442,111,791,520
436,111,787,525
430,112,786,531
427,112,782,538
421,112,778,538
415,112,777,539
412,112,773,540
404,113,772,539
399,106,764,539
394,109,763,537
389,106,756,538
386,100,750,539
380,101,749,539
376,97,743,538
370,96,737,539
366,91,733,538
360,87,731,538
355,87,726,539
346,89,725,540
337,85,729,539
333,83,736,540
327,88,738,539
320,82,745,540
313,84,747,540
307,82,752,540
300,80,761,540
295,80,761,540
290,80,771,540
287,79,779,540
284,79,787,540
278,79,800,540
272,77,816,540
269,77,820,540
267,73,830,539
284,72,847,539
294,72,854,539
297,72,864,539
307,72,873,539
307,72,883,539
307,72,890,539
307,70,894,538
316,73,902,540
325,73,902,540
330,73,902,540
343,72,904,538
353,73,904,539
367,73,900,539
387,72,893,539
405,74,885,540
428,76,880,540
446,77,870,540
472,81,862,540
479,80,853,539
483,85,847,538
490,88,837,539
494,87,826,538
502,88,814,539
503,88,797,539
511,89,788,540
518,90,779,540
528,90,779,538
530,90,796,540
534,90,811,540
544,91,832,540
549,91,837,540
555,93,855,540
561,95,869,540
566,98,879,540
569,98,888,540
573,98,887,540
578,101,886,540
581,106,883,539
575,107,880,540
570,110,874,540
568,113,866,540
562,114,857,540
560,117,847,538
551,118,838,539
544,119,826,540
536,119,816,539
528,121,805,540
517,126,794,538
508,125,791,540
501,126,791,540
495,124,801,539
490,127,801,539
482,129,808,539
482,129,808,539
475,129,820,540
475,129,838,540
472,129,846,540
472,129,847,540
476,129,842,540
482,129,841,540
482,129,834,540
487,129,833,540
491,133,824,539
503,135,822,540
511,137,819,540
519,135,816,536
529,136,814,524
540,138,818,512
550,137,822,502
561,141,824,493
567,140,826,483
569,140,830,472
571,141,832,461
576,140,836,451
579,143,837,443
579,145,840,434
580,142,841,423
578,145,840,414
578,148,840,409
579,146,840,399
576,147,838,395
574,147,833,387
574,147,831,381
571,147,828,378
571,147,822,371
569,147,819,364
567,149,817,362
567,147,810,358
565,147,806,356
565,149,804,354
567,147,802,348
565,149,795,346
568,147,792,345
570,148,790,343
570,148,788,342
570,146,784,336
572,147,781,335
572,144,779,333
574,143,777,329
574,139,775,327
578,137,774,321
580,133,771,318
582,129,770,314
586,123,771,310
589,122,771,306
592,118,770,299
597,113,772,297
599,108,773,294
603,104,772,288
605,100,772,285
610,96,770,282
609,92,771,279
615,89,768,274
618,84,768,271
618,79,767,265
617,70,766,261
623,67,764,257
623,64,764,255
625,62,763,250
625,59,761,247
628,56,760,247
631,56,761,247
631,52,755,243
633,52,757,243
633,52,756,241
635,48,757,240
636,50,758,239
636,46,758,235
